(6,910002, 0)
(7,112872, 0)
(7,669952, 0)
(7,838984, 0)
(8,023661, 0)
(8,174987, 0)
(8,360881, 0)
(8,764863, 0)
(8,950647, 0)
(9,151967, 0)
(9,303248, 0)
(9,471302, 0)
(9,892932, 0)
(10,27993, 0)
(10,66771, 0)
(10,83693, 0)
(11,02255, 0)
(11,19103, 0)
(11,37516, 0)
(11,81386, 0)
(11,98201, 0)
(12,16684, 0)
(12,35098, 0)
(12,52087, 0)
(12,87592, 0,5880699)
(13,717, 0)
(13,8843, 0)
(14,05289, 0)
(14,22097, 0)
(14,39026, 0)
(14,77952, 0)
(14,94831, 0)
(15,13361, 0)
(15,30192, 0)
(15,47092, 0)
(15,8919, 0)
(16,27952, 0)
(16,66689, 0)
(16,852, 0)
(17,03683, 0)
(17,20589, 0)
(17,39091, 0)
(17,81055, 0)
(17,97829, 0)
(18,16354, 0)
(18,3319, 0)
(18,49989, 0)
(18,86966, 0)
(19,29164, 1,450001)
(20,89421, 0)
(21,07924, 0)
(21,73798, 0)
(22,46398, 0)
(23,22349, 0)
(23,57528, 0)
(23,99689, 0)
(24,35101, 0)
(24,72196, 0)
(25,11088, 0)
(26,762, 0)
(26,98067, 0)
(27,68789, 0)
(28,46335, 0)
(29,153, 0)
(29,94567, 0)
(30,68802, 1,095951)
(32,03662, 0)
(32,18887, 0)
(32,34055, 0)
(32,52555, 0)
(32,76191, 0)
(33,46788, 0)
(33,61889, 0)
(34,14193, 0)
(35,18721, 0)
(35,37198, 0)
(35,55798, 0)
(35,76086, 0)
(36,16481, 0)
(36,53398, 0)
(36,71889, 0)
(37,10664, 0)
(37,479, 0)
(38,10491, 0)
(38,24096, 0)
(38,44479, 0)
(38,63081, 0)
(38,79919, 0)
(39,52291, 0)
(39,65714, 0)
(39,79283, 0)
(40,11023, 1,716648)
(42,90494, 0)
(43,09091, 0)
(43,66622, 0)
(43,83492, 0)
(44,00428, 0)
(44,18921, 0)
(44,62854, 0)
(44,79622, 0)
(44,96357, 0)
(45,14758, 0)
(45,33255, 0)
(45,51788, 0)
(45,70353, 0)
(46,05692, 0)
(46,71397, 0)
(46,8819, 0)
(47,05186, 0)
(47,22052, 0)
(47,60727, 0)
(47,77585, 0)
(47,97761, 0)
(48,38192, 0)
(48,73549, 0)
(48,92092, 0)
(49,08997, 0)
(49,27549, 0)
(49,7149, 0)
(49,88287, 0)
(50,05194, 0)
(50,23724, 0)
(50,59097, 0)
(50,79352, 0)
(50,97908, 0)
(51,16488, 0)
(51,33361, 0)
(51,73729, 0)
(52,141, 0)
(52,56146, 0)
(52,9155, 0)
(53,30406, 0)
(55,72839, 0)
(55,89634, 0)
(56,08168, 0)
(56,25037, 0)
(56,62112, 0)
(56,80447, 0)
(56,98944, 0)
(57,17506, 0)
(57,37709, 0)
(57,56372, 0)
(57,78234, 0)
(58,13483, 0)
(58,72634, 0)
(58,91107, 0)
(59,08047, 0)
(59,2484, 0)
(59,60106, 0)
(59,78615, 0)
(59,95544, 0)
(60,3784, 0)
(60,76345, 0)
(60,93147, 0)
(61,11571, 0)
(61,33634, 0)
(61,72501, 0)
(61,89342, 0)
(62,0788, 0)
(62,26448, 0)
(62,63379, 0)
(62,81838, 0)
(62,98548, 0)
(63,2044, 0)
(63,37349, 0)
(63,79238, 0)
(64,14664, 1,277977)
