90 /  1
0,3092744 /  0
0,9279365 /  0
1,567937 /  0
2,293265 /  0
2,975941 /  0
3,637279 /  0
4,255941 /  0
4,938617 /  0
5,578617 /  0
6,26127 /  0
6,90127 /  0
7,562608 /  0
8,245283 /  0
8,906599 /  0
9,610612 /  0
10,27195 /  0
10,91195 /  0
11,5946 /  0
12,25594 /  0
12,91728 /  0
13,57862 /  0
14,28261 /  0
14,87993 /  0
15,58395 /  0
16,2666 /  0
16,9066 /  0
17,56794 /  0
18,27195 /  0
18,86927 /  0
19,57327 /  0
20,25594 /  0
20,95993 /  0
21,59993 /  0
22,26127 /  0
22,96528 /  0
23,64794 /  0
23,83993 /  0
24,01061 /  0
24,20261 /  0
24,33061 /  0
24,9066 /  0
25,63195 /  0
26,27195 /  0
26,93327 /  0
27,61594 /  0
28,25594 /  0
28,95993 /  0
29,15195 /  0
29,32261 /  0
29,5146 /  0
29,66395 /  0
30,26127 /  0
30,94394 /  0
31,60528 /  0
32,30927 /  0
32,94928 /  0
33,65327 /  0
34,3146 /  0
34,52794 /  0
34,71993 /  0
34,84793 /  0
35,01862 /  0
35,61594 /  0
36,27728 /  0
36,95993 /  0
37,64261 /  0
38,28261 /  0
38,92261 /  0
39,60528 /  0
39,81861 /  0
39,98927 /  0
40,24529 /  0
40,9066 /  0
41,58928 /  0
42,25061 /  0
42,93327 /  0
43,5946 /  0
44,2346 /  0
44,93862 /  0
45,17326 /  0
45,30127 /  0
45,5146 /  0
45,64261 /  0
46,23993 /  0
46,94395 /  0
47,6266 /  0
48,2666 /  0
48,9066 /  0
49,56794 /  0
50,27195 /  0
50,48528 /  0
50,6346 /  0
50,84793 /  0
50,99728 /  0
51,5946 /  0
52,25594 /  0
52,93862 /  0
53,62127 /  0
54,26127 /  0
54,94395 /  0
55,58395 /  0
55,79728 /  0
55,96794 /  0
56,15993 /  0
56,30927 /  0
56,92794 /  0
57,56794 /  0
58,29327 /  0
58,93327 /  0
59,5946 /  0
60,25594 /  0
60,89594 /  0
61,08794 /  0
61,23728 /  0
61,45061 /  0
61,62127 /  0
62,19728 /  0
62,90127 /  0
63,58395 /  0
64,2666 /  0
64,92793 /  0
65,58927 /  0
66,27195 /  0
66,48528 /  0
66,65594 /  0
66,84794 /  0
67,01862 /  0
67,5946 /  0
68,27728 /  0
68,93861 /  0
69,59993 /  0
69,89861 /  0
70,23993 /  0
70,58127 /  0
70,92261 /  0
71,26395 /  0
71,6266 /  0
71,81862 /  0
71,98927 /  0
72,18127 /  0
72,33061 /  0
72,65061 /  0
72,82127 /  0
73,01327 /  0
73,16261 /  0
73,31195 /  0
73,4826 /  0
73,65327 /  0
73,82394 /  0
73,97327 /  0
74,1226 /  0
74,31461 /  0
74,48528 /  0
74,65594 /  0
74,8266 /  0
74,99728 /  0
75,31728 /  0
75,48794 /  0
75,63728 /  0
75,95728 /  0
76,34127 /  0
76,51195 /  0
76,63993 /  0
77,04528 /  0
77,25861 /  0
77,64261 /  0
77,96261 /  0
78,30395 /  0
78,51728 /  0
78,64529 /  0
78,81594 /  0
78,9866 /  0
79,30659 /  0
79,64793 /  0
79,96793 /  0
80,30927 /  0
80,65061 /  0
80,99195 /  0
81,31195 /  0
81,63195 /  0
81,97327 /  0
82,33594 /  0
82,65594 /  0
82,99728 /  0
83,31728 /  0
83,61594 /  0
83,7866 /  0
83,95728 /  0
84,14928 /  0
84,31993 /  0
84,63993 /  0
85,00261 /  0
85,32261 /  0
85,62127 /  0
85,96261 /  0
86,32529 /  0
86,64529 /  0
87,00793 /  0
87,32793 /  0
87,69061 /  0
87,98927 /  0
88,33061 /  0
88,65061 /  0
88,97061 /  0
89,14127 /  0
89,31195 /  0
89,4826 /  0
89,65327 /  0
89,95195 /  0
90,33594 /  0
90,63461 /  0
90,97594 /  0
91,29594 /  0
91,61594 /  0
91,95728 /  0
92,31993 /  0
92,63993 /  0
93,00261 /  0
93,32261 /  0
93,66395 /  0
93,98395 /  0
94,30395 /  0
94,49594 /  0
94,64529 /  0
94,83728 /  0
95,00793 /  0
95,32793 /  0
95,64793 /  0
95,98927 /  0
96,28793 /  0
96,65061 /  0
97,01327 /  0
97,33327 /  0
97,67461 /  0
98,01594 /  0
98,29327 /  0
98,65594 /  0
98,97594 /  0
99,29594 /  0
99,63728 /  0
99,80794 /  0
99,97861 /  0
100,1493 /  0
100,3413 /  0
100,6186 /  0
100,9813 /  0
101,3226 /  0
101,6426 /  0
101,9839 /  0
102,3466 /  0
102,6453 /  0
102,9866 /  0
103,3066 /  0
103,6266 /  0
104,0106 /  0
104,3306 /  0
104,672 /  0
105,0133 /  0
105,1839 /  0
105,3333 /  0
105,5253 /  0
105,6746 /  0
106,0159 /  0
106,3359 /  0
106,6133 /  0
106,9546 /  0
107,3173 /  0
107,6586 /  0
107,9786 /  0
108,3413 /  0
108,6399 /  0
108,9813 /  0
109,3013 /  0
109,6426 /  0
110,0053 /  0
110,3253 /  0
110,4959 /  0
110,6239 /  0
110,7946 /  0
110,9866 /  0
111,3066 /  0
111,6693 /  0
111,9679 /  0
112,2879 /  0
112,6079 /  0
112,992 /  0
113,2906 /  0
113,632 /  0
113,952 /  0
114,2719 /  0
114,6346 /  0
114,9546 /  0
115,2959 /  0
115,6159 /  0
115,7653 /  0
115,9359 /  0
116,1066 /  0
116,2773 /  0
116,6613 /  0
116,9813 /  0
117,3013 /  0
117,6213 /  0
117,9626 /  0
118,3039 /  0
118,6453 /  0
119,0079 /  0
119,3066 /  0
119,6479 /  0
119,9679 /  0
120,2879 /  0
120,6079 /  0
120,9706 /  0
121,1199 /  0
121,312 /  0
121,5039 /  0
121,6533 /  0
121,9946 /  0
122,2719 /  0
122,6346 /  0
122,9333 /  0
123,2746 /  0
123,6373 /  0
123,9146 /  0
124,2773 /  0
124,6399 /  0
124,9386 /  0
125,2586 /  0
125,5999 /  0
125,9626 /  0
126,3253 /  0
126,4746 /  0
126,6453 /  0
126,8373 /  0
127,0079 /  0
127,3279 /  0
127,6266 /  0
127,9466 /  0
128,2879 /  0
128,5866 /  0
128,9493 /  0
129,2906 /  0
129,6319 /  0
129,9306 /  0
130,2506 /  0
130,5919 /  0
130,9546 /  0
131,2959 /  0
131,6373 /  0
131,8079 /  0
131,9786 /  0
132,1493 /  0
132,3413 /  0
132,6826 /  0
132,9813 /  0
133,3013 /  0
133,5999 /  0
133,9413 /  0
134,2826 /  0
134,6453 /  0
134,9866 /  0
135,3066 /  0
135,6053 /  0
135,9039 /  0
136,2879 /  0
136,6293 /  0
136,9493 /  0
137,1413 /  0
137,312 /  0
137,4826 /  0
137,6533 /  0
137,9946 /  0
138,272 /  0
138,6559 /  0
138,9333 /  0
139,2746 /  0
139,6159 /  0
139,9146 /  0
140,2773 /  0
140,5759 /  0
140,9386 /  0
141,2799 /  0
141,5786 /  0
141,9199 /  0
142,2399 /  0
142,4533 /  0
142,6239 /  0
142,7946 /  0
142,9653 /  0
143,3279 /  0
143,6266 /  0
143,9679 /  0
144,2879 /  0
144,6079 /  0
144,9493 /  0
145,2906 /  0
145,6106 /  0
145,952 /  0
146,2933 /  0
146,5919 /  0
146,9333 /  0
147,2319 /  0
147,6373 /  0
147,8079 /  0
147,9999 /  0
148,1706 /  0
148,3199 /  0
148,6613 /  0
148,9813 /  0
149,3226 /  0
149,6426 /  0
149,9626 /  0
150,3039 /  0
150,6239 /  0
150,9653 /  0
151,6053 /  0
152,2879 /  0
152,9919 /  0
153,6533 /  0
154,3146 /  0
154,9973 /  0
155,6799 /  0
156,3413 /  0
157,0026 /  0
157,6853 /  0
158,3466 /  0
158,9866 /  0
159,6479 /  0
160,3093 /  0
160,9706 /  0
161,6319 /  0
162,272 /  0
162,9546 /  0
163,6159 /  0
164,0639 /  0
164,2986 /  0
164,9599 /  0
165,6426 /  0
166,3253 /  0
167,0079 /  0
167,3493 /  0
167,6906 /  0
167,9893 /  0
168,3093 /  0
168,6506 /  0
168,9919 /  0
169,2266 /  0
169,4186 /  0
169,6106 /  0
169,9733 /  0
170,1866 /  0
170,3359 /  0
170,5493 /  0
170,6986 /  0
170,8693 /  0
171,0399 /  0
171,2106 /  0
171,3813 /  0
171,5306 /  0
171,7013 /  0
171,8719 /  0
172,0426 /  0
172,2346 /  0
172,3839 /  0
172,6826 /  0
172,832 /  0
173,0026 /  0
173,3013 /  0
173,6426 /  0
173,8346 /  0
174,0053 /  0
174,3679 /  0
174,6879 /  0
175,0079 /  0
175,3279 /  0
175,6479 /  0
175,8186 /  0
175,9679 /  0
176,1599 /  0
176,3306 /  0
176,672 /  0
176,9919 /  0
177,3333 /  0
177,6959 /  0
177,9946 /  0
178,3359 /  0
178,6559 /  0
178,9973 /  0
179,3173 /  0
179,6799 /  0
179,9999 /  0
180,3413 /  0
180,6826 /  0
181,0239 /  0
181,2159 /  0
181,3439 /  0
181,5146 /  0
181,6853 /  0
182,0266 /  0
182,3466 /  0
182,6453 /  0
182,9866 /  0
183,3066 /  0
183,6906 /  0
183,9893 /  0
184,3306 /  0
184,672 /  0
184,9919 /  0
185,3333 /  0
185,6746 /  0
185,9733 /  0
186,3146 /  0
186,4639 /  0
186,6559 /  0
186,8266 /  0
186,9759 /  0
187,3173 /  0
187,6373 /  0
187,9999 /  0
188,3199 /  0
188,6613 /  0
188,9813 /  0
189,2586 /  0
189,6639 /  0
190,0053 /  0
190,3253 /  0
190,6666 /  0
190,9866 /  0
191,3279 /  0
191,6266 /  0
191,7973 /  0
191,9679 /  0
192,1813 /  0
192,3306 /  0
192,672 /  0
192,9706 /  0
193,2693 /  0
193,6319 /  0
193,9733 /  0
194,2933 /  0
194,6346 /  0
194,9759 /  0
195,2959 /  0
195,6373 /  0
195,9999 /  0
196,3199 /  0
196,6826 /  0
196,9599 /  0
197,1519 /  0
197,3226 /  0
197,5146 /  0
197,6853 /  0
197,9839 /  0
198,3253 /  0
198,6666 /  0
198,9653 /  0
199,3279 /  0
199,6693 /  0
200,0106 /  0
200,3519 /  0
200,672 /  0
201,0133 /  0
201,3333 /  0
201,6533 /  0
202,0159 /  0
202,3146 /  0
202,4853 /  0
202,6559 /  0
202,8266 /  0
202,9973 /  0
203,3386 /  0
203,6799 /  0
203,9786 /  0
204,3199 /  0
204,6399 /  0
204,9813 /  0
205,3226 /  0
205,6426 /  0
205,9839 /  0
206,2826 /  0
206,6239 /  0
206,9866 /  0
207,3279 /  0
207,6479 /  0
207,8186 /  0
208,0106 /  0
208,1599 /  0
208,3519 /  0
208,6933 /  0
208,9919 /  0
209,312 /  0
209,6319 /  0
209,9306 /  0
210,3359 /  0
210,6986 /  0
210,9546 /  0
211,2959 /  0
211,6373 /  0
211,9573 /  0
212,2773 /  0
212,6186 /  0
212,9599 /  0
213,1306 /  0
213,3439 /  0
213,5146 /  0
213,6853 /  0
214,0053 /  0
214,3253 /  0
214,6026 /  0
214,9653 /  0
215,2853 /  0
215,6693 /  0
215,9893 /  0
216,3093 /  0
216,6506 /  0
217,0133 /  0
217,3546 /  0
217,6533 /  0
217,9946 /  0
218,3146 /  0
218,5066 /  0
218,6559 /  0
218,8266 /  0
219,0186 /  0
219,3173 /  0
219,6586 /  0
219,9786 /  0
220,2773 /  0
220,6399 /  0
220,9813 /  0
221,2586 /  0
221,6213 /  0
221,9626 /  0
222,2826 /  0
222,6239 /  0
222,9653 /  0
223,2853 /  0
223,6479 /  0
223,8186 /  0
223,9893 /  0
224,2026 /  0
224,3519 /  0
224,672 /  0
224,9919 /  0
225,312 /  0
225,6533 /  0
225,952 /  0
226,3146 /  0
226,6133 /  0
226,9759 /  0
227,2959 /  0
227,6159 /  0
227,9359 /  0
228,2559 /  0
228,6186 /  0
228,9599 /  0
229,1306 /  0
229,3013 /  0
229,4506 /  0
229,6426 /  0
229,9626 /  0
230,3253 /  0
230,6666 /  0
230,9013 /  0
231,2639 /  0
231,6266 /  0
231,9253 /  0
232,3093 /  0
232,6293 /  0
233,0346 /  0
233,2906 /  0
233,6533 /  0
233,9733 /  0
234,2933 /  0
234,4853 /  0
234,6773 /  0
234,8479 /  0
234,9973 /  0
235,3386 /  0
235,6373 /  0
235,9786 /  0
236,2986 /  0
236,6186 /  0
236,9386 /  0
237,2373 /  0
237,6426 /  0
237,9839 /  0
238,3039 /  0
238,6239 /  0
238,9439 /  0
239,2639 /  0
239,5626 /  0
239,7546 /  0
239,9253 /  0
240,1173 /  0
240,3093 /  0
240,6506 /  0
240,9919 /  0
241,312 /  0
241,6319 /  0
241,9733 /  0
242,272 /  0
242,6346 /  0
242,9759 /  0
243,2959 /  0
243,6159 /  0
243,9786 /  0
244,2986 /  0
244,6826 /  0
244,9599 /  0
245,1306 /  0
245,3226 /  0
245,472 /  0
245,6853 /  0
246,0053 /  0
246,3039 /  0
246,6239 /  0
246,9653 /  0
247,3279 /  0
247,6479 /  0
247,9466 /  0
248,2879 /  0
248,6293 /  0
248,9919 /  0
249,3333 /  0
249,6319 /  0
249,9946 /  0
250,2933 /  0
250,4639 /  0
250,6559 /  0
250,8266 /  0
250,9973 /  0
251,3599 /  0
251,6799 /  0
251,9999 /  0
252,2986 /  0
252,6186 /  0
252,9813 /  0
253,3013 /  0
253,6426 /  0
253,9839 /  0
254,3253 /  0
254,6453 /  0
254,9653 /  0
255,3279 /  0
255,6479 /  0
255,8399 /  0
256,0106 /  0
256,1813 /  0
256,352 /  0
256,6506 /  0
256,9706 /  0
257,3546 /  0
257,6533 /  0
257,9733 /  0
258,3146 /  0
258,6559 /  0
