179 /  1,4
0,2935374 /  0
0,8908617 /  0
1,445533 /  0
1,765533 /  0
2,341542 /  0
2,853537 /  0
3,194875 /  0
3,749524 /  0
4,261542 /  0
4,602857 /  0
5,13619 /  0
5,648209 /  0
5,968209 /  0
6,544195 /  0
7,013537 /  0
7,3122 /  0
7,866871 /  0
8,400204 /  0
8,741542 /  0
9,253537 /  0
9,744195 /  0
10,06419 /  0
10,59753 /  0
11,10952 /  0
11,45086 /  0
11,98419 /  0
12,47488 /  0
12,81619 /  0
13,37086 /  0
13,96821 /  0
14,26687 /  0
14,84286 /  0
15,29086 /  0
15,61086 /  0
16,1442 /  0
16,65619 /  0
16,97619 /  0
17,46687 /  0
18,02154 /  0
18,3842 /  0
18,91753 /  0
19,42952 /  0
19,74952 /  0
20,2402 /  0
20,77354 /  0
21,09354 /  0
21,60553 /  0
22,20286 /  0
22,50154 /  0
23,01354 /  0
23,54687 /  0
23,90952 /  0
24,44286 /  0
24,93354 /  0
25,25354 /  0
25,70154 /  0
26,29887 /  0
26,66154 /  0
27,17354 /  0
27,68553 /  0
28,04821 /  0
28,58154 /  0
29,09354 /  0
29,41354 /  0
29,92553 /  0
30,45887 /  0
30,8002 /  0
31,29086 /  0
31,8242 /  0
32,16553 /  0
32,67753 /  0
33,2322 /  0
33,57354 /  0
35,6002 /  0
36,2402 /  0
36,98687 /  0
37,34953 /  0
38,75753 /  0
39,01354 /  0
39,14154 /  0
39,48286 /  0
39,78154 /  0
39,97354 /  0
40,12286 /  0
40,48553 /  0
41,48821 /  0
41,6802 /  0
41,8722 /  0
42,23487 /  0
42,55487 /  0
42,70419 /  0
42,89619 /  0
43,21619 /  0
44,2402 /  0
44,6242 /  0,5973473
45,34953 /  0
45,7122 /  0,8960075
46,71487 /  0
47,29086 /  1,471992
49,72286 /  0
49,93619 /  0
50,06419 /  0
50,46952 /  0
50,78952 /  0
50,96021 /  0
51,1522 /  0
51,4722 /  0
52,49619 /  0
52,68821 /  0
52,85887 /  0
53,24286 /  0
53,60553 /  0
53,96821 /  0
54,65086 /  0
55,61086 /  0
55,78154 /  0
55,97354 /  0
56,33619 /  0
56,65619 /  0
57,01887 /  0
57,57354 /  0
58,02154 /  0
58,40553 /  0
58,53354 /  0
58,70419 /  0
59,06687 /  0
59,40821 /  0
59,77086 /  0
60,34687 /  0
60,81619 /  0
61,15753 /  0
61,30687 /  0
61,49887 /  0
61,86154 /  0
62,20286 /  0
62,54419 /  0
63,09887 /  0
63,56821 /  0
63,90952 /  0
64,10154 /  0
64,2722 /  0
64,61354 /  0
64,95487 /  0
65,29619 /  0
65,80821 /  0
66,34155 /  0
66,66154 /  0
66,85354 /  0
67,02419 /  0
67,40821 /  0
67,72821 /  0
68,04821 /  0
68,58154 /  0
69,0722 /  0
69,43488 /  0
69,62687 /  0
69,79753 /  0
70,13886 /  0
70,4802 /  0
70,8002 /  0
71,35487 /  0
71,86687 /  0
72,16553 /  0
72,35753 /  0
72,54952 /  0
72,9122 /  0
73,21086 /  0
73,59487 /  0
74,10687 /  0
74,59753 /  0
74,91753 /  0
75,1522 /  0
75,2802 /  0
75,64286 /  0
76,00553 /  0
76,32553 /  0
76,83753 /  0
77,34953 /  0
77,7122 /  0
79,03487 /  0
79,58952 /  0
80,08021 /  0
80,44286 /  0
80,95487 /  0
81,4882 /  0
81,80821 /  0
82,32021 /  0
82,8322 /  0
83,1522 /  0
83,70687 /  0
84,60286 /  0
85,28553 /  0
85,96821 /  0
86,65086 /  0
87,3122 /  0
88,05887 /  0
88,74154 /  0
89,40285 /  0
90,12821 /  0
90,81086 /  0
91,51488 /  0
92,17619 /  0
92,8802 /  0
93,56286 /  0
94,2242 /  0
94,8642 /  0
95,58952 /  0
96,2722 /  0
96,97619 /  0
97,65887 /  0
98,34155 /  0
98,98154 /  0
99,72821 /  0
100,4322 /  0
101,1149 /  0
101,8615 /  0
102,5015 /  0
103,1842 /  0
103,8455 /  0
104,5709 /  0
105,2535 /  0
106,0002 /  0
106,3842 /  0
107,3229 /  0
108,0055 /  0,8106613
110,4162 /  0
110,6082 /  0
110,7789 /  0
111,1415 /  0
111,4615 /  0
111,6535 /  0
111,8029 /  0
112,1442 /  0
113,1895 /  0
113,3815 /  0
113,5735 /  0
113,9362 /  0
114,2562 /  0
114,4055 /  0
114,5762 /  0
114,9389 /  0
116,0055 /  0
116,3682 /  0,5973206
117,0295 /  0
117,3922 /  0,7893448
118,3949 /  0
118,8855 /  0,5333328
119,4829 /  1,301338
121,4242 /  0
121,6375 /  0
121,7869 /  0
122,1709 /  0
122,5122 /  0
122,6829 /  0
122,8535 /  0
123,1949 /  0,7039871
124,1762 /  0
125,2855 /  0
125,6482 /  0
126,3095 /  0
127,3335 /  0
127,6749 /  0
128,0802 /  0
128,4002 /  0
128,7415 /  0
129,2749 /  0
129,7655 /  0
130,1282 /  0
130,2989 /  0
130,4482 /  0
130,7895 /  0
131,1522 /  0
131,5362 /  0
132,0269 /  0
132,5175 /  0
132,8589 /  0
133,0295 /  0
133,2215 /  0
133,6482 /  0
133,9255 /  0
134,2669 /  0
134,7789 /  0
135,2482 /  0
135,6109 /  0
135,7815 /  0
135,9309 /  0
136,3362 /  0
136,6775 /  0
137,0189 /  0
137,5309 /  0
138,0215 /  0
138,3629 /  0
138,5549 /  0
138,7042 /  0
139,1095 /  0
139,4509 /  0
139,7922 /  0
140,2829 /  0
140,7735 /  0
141,1362 /  0
141,3282 /  0
141,5202 /  0
141,8615 /  0
142,2029 /  0
142,5655 /  0
143,0562 /  0
143,5682 /  0
143,8882 /  0
144,0802 /  0
144,2509 /  0
144,6135 /  0
144,9549 /  0
145,2962 /  0
145,7869 /  0
146,3202 /  0
146,6829 /  0
146,8322 /  0
146,9815 /  0
147,3655 /  0
147,7282 /  0
148,0695 /  0
148,4749 /  0
148,6242 /  0
149,0935 /  0
149,4349 /  0
150,2882 /  0
150,6722 /  0
151,2055 /  0
151,7815 /  0
152,1229 /  0
152,6562 /  0
153,1682 /  0
153,5522 /  0
154,0429 /  0
154,5549 /  0
154,8962 /  0
155,4722 /  0
155,9202 /  0
156,3042 /  0
156,8589 /  0
157,3709 /  0
157,7122 /  0
158,2455 /  0
158,7362 /  0
159,0562 /  0
159,5895 /  0
160,0589 /  0
160,4429 /  0
160,9335 /  0
161,4242 /  0
161,7442 /  0
162,2562 /  0
162,8109 /  0
163,1735 /  0
163,7495 /  0
164,1762 /  0
164,5175 /  0
165,0082 /  0
165,5202 /  0
165,9255 /  0
166,4162 /  0
166,9495 /  0
167,3122 /  0
167,8669 /  0
168,3575 /  0
168,7415 /  0
169,2535 /  0
169,7442 /  0
170,1069 /  0
171,5575 /  0
172,1762 /  0
172,5815 /  0,6399994
173,5202 /  0
174,2242 /  0
174,8215 /  0
174,9709 /  0
175,3122 /  0
175,8669 /  0
176,1229 /  0
176,6349 /  0
176,9549 /  0
177,3602 /  0
177,9362 /  0
178,3842 /  0
178,7469 /  0
178,9175 /  0
179,3229 /  0
179,4509 /  0
179,7709 /  0
180,1335 /  0
180,2829 /  0
180,6455 /  0
180,7949 /  0
181,1149 /  0
181,7122 /  0
182,1175 /  0
182,5229 /  0
183,0775 /  0
183,2055 /  0
183,5682 /  0
184,0589 /  0
184,4855 /  0
184,9335 /  0
185,2749 /  0
185,6589 /  0
185,8295 /  0
186,2135 /  0
186,3842 /  0
186,6615 /  0
187,1095 /  0
187,5149 /  0
188,1335 /  0
188,4322 /  0
188,7735 /  0
188,9015 /  0
189,0935 /  0
189,4349 /  0
189,8189 /  0
190,4162 /  0
190,6082 /  0
190,8002 /  0
191,4402 /  0
191,8242 /  0
192,5282 /  0
193,4669 /  0
193,7442 /  0
194,2135 /  0
194,6402 /  0
194,9602 /  0
195,4722 /  0
195,9842 /  0
196,3469 /  0
196,7949 /  0
197,2642 /  0
197,6695 /  0
198,2242 /  0
198,7575 /  0
199,0775 /  0
199,6109 /  0
200,1015 /  0
200,4642 /  0
200,9975 /  0
201,5095 /  0
201,8509 /  1,17334
203,1949 /  0
203,7495 /  0
204,2829 /  0
204,6242 /  0
