5,925889 /  0
6,137846 /  0
6,735897 /  0
6,948389 /  0
7,111276 /  0
7,303951 /  0
7,515517 /  0
7,888355 /  0
8,068316 /  0
8,270873 /  0
8,449404 /  0
8,644842 /  0
9,003278 /  0
9,386902 /  0
9,775927 /  0
9,954824 /  0
10,14882 /  0
10,32819 /  0
10,51574 /  0
10,9053 /  0
11,09893 /  0
11,27639 /  0
11,46045 /  0
11,6329 /  0
11,99009 /  0
12,36775 /  0
12,76363 /  0
12,96222 /  0
13,1615 /  0
13,32354 /  0
13,49853 /  0
13,91104 /  0
14,08698 /  0
14,27433 /  0
14,45205 /  0
14,63102 /  0
15,03402 /  0
15,38607 /  0
15,80792 /  0
15,98515 /  0
16,18065 /  0
16,34335 /  0
16,52304 /  0
16,94901 /  0
17,12697 /  0
17,32298 /  0
17,50406 /  0
17,68402 /  0
18,00809 /  0
18,49233 /  1,105349
19,92306 /  0
20,10363 /  0
20,81402 /  0
21,55639 /  0
22,32942 /  0
22,669 /  0
23,03821 /  0
23,45808 /  0
23,85694 /  0
24,22693 /  0
25,8436 /  0
26,02534 /  0
26,79811 /  0
27,53692 /  0
28,29692 /  0
29,05492 /  0
29,80758 /  0
31,1336 /  0
31,27691 /  0
31,40417 /  0
31,58202 /  0
31,81402 /  0
31,97595 /  0
32,6069 /  0
32,73691 /  0
32,86296 /  0
33,24162 /  0
34,26937 /  0
34,47996 /  0
34,69395 /  0
34,88999 /  0
35,28861 /  0
35,62756 /  0
35,82354 /  0
36,17819 /  0
37,07883 /  0
37,22398 /  0
37,3526 /  0
37,5281 /  0
37,73995 /  0
37,93393 /  0
38,56294 /  0
38,70551 /  0
38,83072 /  0
39,18688 /  0
41,96652 /  0
42,12886 /  0
42,80291 /  0
42,98601 /  0
43,16658 /  0
43,34481 /  0
43,71684 /  0
43,89685 /  0
44,10284 /  0
44,28818 /  0
44,46818 /  0
44,6629 /  0
44,84085 /  0
45,17879 /  0
45,82212 /  0
46,00888 /  0
46,18796 /  0
46,36586 /  0
46,73656 /  0
46,91422 /  0
47,09482 /  0
47,47683 /  0
47,868 /  0
48,0459 /  0
48,22481 /  0
48,42594 /  0
48,79746 /  0
48,9749 /  0
49,13883 /  0
49,35014 /  0
49,73192 /  0
49,90955 /  0
50,12347 /  0
50,29888 /  0
50,47749 /  0
50,84456 /  0
51,2328 /  0
54,77811 /  0
54,93956 /  0
55,11879 /  0
55,34014 /  0
55,7148 /  0
55,90855 /  0
56,13028 /  0
56,30983 /  0
56,50391 /  0
56,68379 /  0
56,87674 /  0
57,20078 /  0
57,83308 /  0
57,9919 /  0
58,13544 /  0
58,33142 /  0
58,70185 /  0
58,89478 /  0
59,08986 /  0
59,4639 /  0
59,84984 /  0
60,02647 /  0
60,24076 /  0
60,41983 /  0
60,84879 /  0
61,02583 /  0
61,20385 /  0
61,36589 /  0
61,68744 /  0
61,89151 /  0
62,08542 /  0
62,2972 /  0
62,49206 /  0
62,8559 /  0
63,24277 /  0
67,88391 /  0
68,078 /  0
68,78121 /  0
69,54556 /  0
70,28034 /  0
70,66805 /  0
71,05257 /  0
71,45897 /  0
71,82847 /  0
72,20083 /  0
73,87605 /  0
74,05412 /  0
74,81607 /  0
75,56709 /  0
76,33669 /  0
77,0862 /  0
77,81917 /  0
79,11624 /  0
79,26316 /  0
79,40754 /  0
79,57318 /  0
79,76714 /  0
79,99384 /  0
80,58833 /  0
80,71453 /  0
81,2626 /  0
82,28519 /  0
82,49622 /  0
82,69134 /  0
82,91166 /  0
83,3034 /  0
83,65926 /  0
83,82397 /  0
84,2403 /  0
85,15109 /  0
85,27686 /  0
85,39513 /  0
85,57636 /  0
85,79642 /  0
85,99204 /  0
86,60347 /  0
86,70436 /  0
86,85106 /  0
87,26939 /  0
89,9596 /  0
90,15661 /  0
90,81454 /  0
90,97684 /  0
91,18861 /  0
91,36721 /  0
91,73372 /  0
91,93065 /  0
92,10956 /  0
92,32947 /  0
92,4894 /  0
92,70292 /  0
92,85758 /  0
93,24622 /  0
93,82036 /  0
93,99804 /  0
94,22707 /  0
94,39008 /  0
94,73148 /  0
94,94117 /  0
95,13676 /  0
95,5185 /  0
95,87767 /  0
96,08882 /  0
96,28176 /  0
96,44437 /  0
96,85975 /  0
97,05545 /  0
97,23436 /  0
97,3941 /  0
97,77557 /  0
97,95485 /  0
98,14971 /  0
98,36174 /  0
98,52486 /  0
98,90521 /  0
99,22779 /  1,285744
102,835 /  0
103,0133 /  0
103,1933 /  0
103,356 /  0
103,7417 /  0
103,9546 /  0
104,1477 /  0
104,336 /  0
104,532 /  0
104,712 /  0
104,9077 /  0
105,2647 /  0
105,838 /  0
106,0331 /  0
106,2118 /  0
106,3908 /  0
106,7381 /  0
106,9342 /  0
107,1301 /  0
107,5052 /  0
107,9208 /  0
108,0814 /  0
108,2755 /  0
108,4542 /  0
108,8561 /  0
109,0352 /  0
109,2127 /  0
109,3919 /  0
109,7927 /  0
109,9872 /  0
110,1679 /  0
110,3293 /  0
110,5233 /  0
110,9203 /  0
111,2762 /  1,34742
120,6726 /  0
121,4418 /  0
122,2106 /  0
123,0657 /  0
123,3733 /  0
123,9694 /  0
124,7264 /  0
125,5154 /  0
126,1345 /  0
126,4108 /  0
127,0697 /  0
128,1565 /  0
128,5434 /  0
128,9273 /  0
129,1567 /  0
129,4473 /  0
129,6467 /  0
130,0466 /  0
130,3832 /  0
130,6116 /  0
130,7226 /  0
131,1536 /  0
131,5616 /  0
131,8856 /  0
132,0886 /  0
132,2664 /  0
132,4462 /  0
132,6414 /  0
133,015 /  0
133,405 /  0
133,6521 /  0
133,7634 /  0
134,1377 /  0
134,5521 /  0
134,9113 /  0
135,0923 /  0
135,2749 /  0
135,4962 /  0
135,6573 /  0
136,0481 /  0
136,4026 /  0
136,7251 /  0
137,1441 /  0
137,5177 /  0
137,917 /  0
138,095 /  0
138,2707 /  0
138,4645 /  0
138,9445 /  0
139,1082 /  0
139,2731 /  0
139,4332 /  0
139,8008 /  0
139,9774 /  0
140,1568 /  0
140,3547 /  0
140,5143 /  0
140,707 /  0
140,925 /  0
141,263 /  0
141,8329 /  0
142,022 /  0
142,2326 /  0
142,4295 /  0
142,7695 /  0
142,9642 /  0
143,1534 /  0
143,5294 /  0
143,9174 /  0
144,1214 /  0
144,3045 /  0
144,4985 /  0
144,8711 /  0
145,0594 /  0
145,2404 /  0
145,4201 /  0
145,7423 /  0
145,9552 /  0
146,1343 /  0
146,3421 /  0
146,5341 /  0
146,9055 /  0
147,301 /  0
147,6061 /  1,515839
150,8297 /  0
151,0246 /  0
151,2179 /  0
151,4111 /  0
151,7356 /  0
151,9776 /  0
152,1895 /  0
152,3676 /  0
152,5887 /  0
152,7331 /  0
152,9436 /  0
153,2652 /  0
153,7671 /  0
153,9788 /  0
154,2054 /  0
154,3663 /  0
154,7881 /  0
155,0154 /  0
155,1743 /  0
155,5274 /  0
155,9213 /  0
156,1009 /  0
156,3035 /  0
156,481 /  0
156,8761 /  0
157,0552 /  0
157,2599 /  0
157,4552 /  0
157,8099 /  0
158,0034 /  0
158,2435 /  0
158,4207 /  0
158,5947 /  0
158,9339 /  0
159,29 /  0,6412048
